# generated large 1D fixture
# 401 bins and 3 timesteps
# Chunk Coord1 c_rho mass1ArealDensity mass2ArealDensity massArealDensity
100 401 47150
1 0 0.86083521 0.0040042236 0.0030142419 0.0070184654
2 0.025 0.86965516 0.0040048182 0.0030154557 0.0070202738
3 0.05 0.87823636 0.0040054908 0.0030167647 0.0070222555
4 0.075 0.88654832 0.0040062509 0.0030181757 0.0070244266
5 0.1 0.89456186 0.0040071088 0.0030196958 0.0070268047
6 0.125 0.90224931 0.0040080762 0.0030213327 0.0070294089
7 0.15 0.90958459 0.0040091657 0.0030230943 0.00703226
8 0.175 0.91654334 0.0040103915 0.0030249892 0.0070353807
9 0.2 0.92310305 0.004011769 0.0030270264 0.0070387954
10 0.225 0.92924318 0.0040133154 0.0030292153 0.0070425307
11 0.25 0.93494523 0.0040150494 0.0030315662 0.0070466156
12 0.275 0.94019287 0.0040169917 0.0030340895 0.0070510812
13 0.3 0.94497203 0.0040191648 0.0030367966 0.0070559614
14 0.325 0.94927096 0.0040215935 0.0030396993 0.0070612928
15 0.35 0.95308032 0.0040243049 0.0030428101 0.007067115
16 0.375 0.95639325 0.0040273285 0.0030461421 0.0070734705
17 0.4 0.95920542 0.0040306965 0.0030497091 0.0070804056
18 0.425 0.96151507 0.004034444 0.0030535257 0.0070879697
19 0.45 0.96332307 0.0040386091 0.0030576073 0.0070962163
20 0.475 0.96463292 0.0040432331 0.0030619698 0.0071052029
21 0.5 0.96545081 0.004048361 0.0030666301 0.0071149911
22 0.525 0.96578558 0.0040540413 0.0030716059 0.0071256472
23 0.55 0.96564878 0.0040603263 0.0030769158 0.0071372421
24 0.575 0.96505459 0.0040672728 0.003082579 0.0071498519
25 0.6 0.96401985 0.0040749417 0.003088616 0.0071635577
26 0.625 0.96256404 0.0040833987 0.0030950479 0.0071784466
27 0.65 0.96070919 0.0040927141 0.0031018969 0.007194611
28 0.675 0.95847986 0.0041029636 0.003109186 0.0072121496
29 0.7 0.9559031 0.0041142282 0.0031169395 0.0072311677
30 0.725 0.95300834 0.0041265943 0.0031251824 0.0072517767
31 0.75 0.94982733 0.0041401543 0.0031339409 0.0072740952
32 0.775 0.94639408 0.0041550065 0.0031432422 0.0072982487
33 0.8 0.9427447 0.0041712556 0.0031531147 0.0073243703
34 0.825 0.93891737 0.0041890127 0.0031635878 0.0073526004
35 0.85 0.93495215 0.0042083956 0.0031746918 0.0073830874
36 0.875 0.93089092 0.0042295289 0.0031864586 0.0074159875
37 0.9 0.92677721 0.0042525443 0.0031989207 0.007451465
38 0.925 0.92265609 0.0042775806 0.0032121122 0.0074896928
39 0.95 0.918574 0.004304784 0.003226068 0.007530852
40 0.975 0.91457862 0.0043343077 0.0032408245 0.0075751322
41 1 0.91071867 0.0043663128 0.0032564189 0.0076227317
42 1.025 0.90704381 0.0044009674 0.0032728899 0.0076738573
43 1.05 0.90360441 0.0044384473 0.0032902771 0.0077287244
44 1.075 0.90045143 0.0044789356 0.0033086214 0.007787557
45 1.1 0.89763617 0.0045226225 0.0033279648 0.0078505873
46 1.125 0.89521017 0.0045697056 0.0033483505 0.0079180561
47 1.15 0.89322494 0.0046203892 0.0033698226 0.0079902119
48 1.175 0.89173184 0.0046748843 0.0033924267 0.008067311
49 1.2 0.89078184 0.0047334082 0.003416209 0.0081496172
50 1.225 0.89042536 0.0047961842 0.0034412172 0.0082374013
51 1.25 0.89071205 0.004863441 0.0034674996 0.0083309406
52 1.275 0.8916906 0.0049354124 0.0034951059 0.0084305183
53 1.3 0.89340856 0.0050123367 0.0035240863 0.008536423
54 1.325 0.89591214 0.0050944556 0.0035544923 0.0086489479
55 1.35 0.89924599 0.0051820141 0.0035863759 0.00876839
56 1.375 0.90345307 0.0052752594 0.0036197902 0.0088950496
57 1.4 0.90857438 0.0053744399 0.0036547887 0.0090292286
58 1.425 0.91464886 0.0054798045 0.0036914259 0.0091712303
59 1.45 0.92171315 0.0055916012 0.0037297566 0.0093213578
60 1.475 0.92980145 0.0057100764 0.0037698363 0.0094799127
61 1.5 0.93894531 0.0058354736 0.0038117207 0.0096471943
62 1.525 0.94917352 0.0059680317 0.0038554662 0.0098234979
63 1.55 0.96051191 0.0061079845 0.0039011291 0.010009114
64 1.575 0.97298323 0.0062555584 0.003948766 0.010204324
65 1.6 0.98660698 0.0064109715 0.0039984336 0.010409405
66 1.625 1.0013993 0.0065744321 0.0040501883 0.01062462
67 1.65 1.0173729 0.0067461367 0.0041040865 0.010850223
68 1.675 1.0345367 0.0069262687 0.0041601842 0.011086453
69 1.7 1.0528961 0.0071149969 0.0042185371 0.011333534
70 1.725 1.0724527 0.0073124731 0.0042792002 0.011591673
71 1.75 1.0932041 0.0075188315 0.0043422278 0.011861059
72 1.775 1.1151441 0.0077341858 0.0044076733 0.012141859
73 1.8 1.1382624 0.0079586282 0.0044755891 0.012434217
74 1.825 1.1625446 0.0081922277 0.0045460267 0.012738254
75 1.85 1.1879724 0.008435028 0.0046190358 0.013054064
76 1.875 1.2145233 0.0086870459 0.004694665 0.013381711
77 1.9 1.2421707 0.0089482702 0.0047729611 0.013721231
78 1.925 1.270884 0.0092186593 0.0048539691 0.014072628
79 1.95 1.3006285 0.0094981406 0.0049377321 0.014435873
80 1.975 1.3313656 0.0097866082 0.0050242908 0.014810899
81 2 1.3630526 0.010083922 0.0051136839 0.015197606
82 2.025 1.3956431 0.010389908 0.0052059471 0.015595855
83 2.05 1.4290867 0.010704353 0.0053011138 0.016005467
84 2.075 1.4633295 0.011027009 0.0053992143 0.016426224
85 2.1 1.498314 0.011357589 0.0055002759 0.016857865
86 2.125 1.5339792 0.011695766 0.0056043225 0.017300088
87 2.15 1.570261 0.012041175 0.0057113747 0.01775255
88 2.175 1.6070919 0.012393412 0.0058214493 0.018214862
89 2.2 1.6444017 0.012752033 0.0059345594 0.018686592
90 2.225 1.6821174 0.013116553 0.0060507141 0.019167267
91 2.25 1.7201634 0.01348645 0.0061699181 0.019656369
92 2.275 1.7584616 0.013861164 0.0062921721 0.020153336
93 2.3 1.7969321 0.014240094 0.0064174719 0.020657566
94 2.325 1.835493 0.014622606 0.0065458089 0.021168415
95 2.35 1.8740607 0.015008028 0.0066771694 0.021685198
96 2.375 1.9125502 0.015395656 0.0068115348 0.022207191
97 2.4 1.9508756 0.015784754 0.0069488813 0.022733635
98 2.425 1.98895 0.016174553 0.0070891799 0.023263733
99 2.45 2.026686 0.01656426 0.007232396 0.023796656
100 2.475 2.0639958 0.016953052 0.0073784896 0.024331542
101 2.5 2.100792 0.017340087 0.0075274147 0.024867502
102 2.525 2.136987 0.017724502 0.00767912 0.025403622
103 2.55 2.1724942 0.018105414 0.007833548 0.025938962
104 2.575 2.2072279 0.01848193 0.0079906352 0.026472566
105 2.6 2.2411033 0.018853145 0.0081503122 0.027003457
106 2.625 2.2740375 0.019218145 0.0083125035 0.027530649
107 2.65 2.3059492 0.019576016 0.0084771274 0.028053143
108 2.675 2.3367592 0.019925841 0.0086440961 0.028569937
109 2.7 2.3663906 0.02026671 0.0088133156 0.029080026
110 2.725 2.3947694 0.02059772 0.0089846856 0.029582406
111 2.75 2.4218243 0.020917979 0.0091580999 0.030076079
112 2.775 2.4474873 0.021226612 0.0093334457 0.030560058
113 2.8 2.4716938 0.021522765 0.0095106046 0.031033369
114 2.825 2.494383 0.021805604 0.0096894519 0.031495056
115 2.85 2.5154978 0.022074328 0.0098698568 0.031944185
116 2.875 2.5349855 0.022328164 0.010051683 0.032379847
117 2.9 2.5527975 0.022566374 0.010234788 0.032801162
118 2.925 2.5688898 0.022788261 0.010419024 0.033207286
119 2.95 2.5832231 0.022993169 0.010604238 0.033597407
120 2.975 2.595763 0.023180486 0.010790271 0.033970758
121 3 2.60648 0.023349652 0.01097696 0.034326611
122 3.025 2.6153497 0.023500154 0.011164134 0.034664288
123 3.05 2.6223528 0.023631536 0.011351622 0.034983158
124 3.075 2.6274755 0.023743396 0.011539245 0.035282641
125 3.1 2.630709 0.023835392 0.01172682 0.035562212
126 3.125 2.6320502 0.023907241 0.011914163 0.035821403
127 3.15 2.6315009 0.02395872 0.012101082 0.036059802
128 3.175 2.6290688 0.023989672 0.012287384 0.036277056
129 3.2 2.6247665 0.024 0.012472874 0.036472874
130 3.225 2.6186121 0.023989672 0.012657352 0.036647024
131 3.25 2.6106288 0.02395872 0.012840616 0.036799336
132 3.275 2.600845 0.023907241 0.013022462 0.036929703
133 3.3 2.5892939 0.023835392 0.013202687 0.037038078
134 3.325 2.5760139 0.023743396 0.013381082 0.037124477
135 3.35 2.5610479 0.023631536 0.013557439 0.037188975
136 3.375 2.5444434 0.023500154 0.013731552 0.037231706
137 3.4 2.5262521 0.023349652 0.013903211 0.037252863
138 3.425 2.5065301 0.023180486 0.014072208 0.037252694
139 3.45 2.4853374 0.022993169 0.014238336 0.037231505
140 3.475 2.4627376 0.022788261 0.014401388 0.037189649
141 3.5 2.4387977 0.022566374 0.014561159 0.037127533
142 3.525 2.4135881 0.022328164 0.014717446 0.03704561
143 3.55 2.3871819 0.022074328 0.014870048 0.036944376
144 3.575 2.3596549 0.021805604 0.015018768 0.036824373
145 3.6 2.3310853 0.021522765 0.015163411 0.036686175
146 3.625 2.3015532 0.021226612 0.015303785 0.036530397
147 3.65 2.2711406 0.020917979 0.015439704 0.036357683
148 3.675 2.2399308 0.02059772 0.015570984 0.036168704
149 3.7 2.2080082 0.02026671 0.015697449 0.035964159
150 3.725 2.175458 0.019925841 0.015818925 0.035744766
151 3.75 2.1423659 0.019576016 0.015935245 0.035511261
152 3.775 2.1088176 0.019218145 0.016046249 0.035264394
153 3.8 2.0748989 0.018853145 0.016151783 0.035004928
154 3.825 2.0406948 0.01848193 0.016251698 0.034733628
155 3.85 2.0062898 0.018105414 0.016345854 0.034451268
156 3.875 1.9717671 0.017724502 0.016434118 0.034158619
157 3.9 1.9372086 0.017340087 0.016516364 0.033856451
158 3.925 1.9026947 0.016953052 0.016592475 0.033545527
159 3.95 1.8683036 0.01656426 0.016662342 0.033226601
160 3.975 1.8341115 0.016174553 0.016725864 0.032900417
161 4 1.800192 0.015784754 0.01678295 0.032567704
162 4.025 1.7666162 0.015395656 0.016833517 0.032229174
163 4.05 1.7334521 0.015008028 0.016877492 0.03188552
164 4.075 1.7007649 0.014622606 0.016914811 0.031537417
165 4.1 1.6686162 0.014240094 0.016945419 0.031185513
166 4.125 1.6370642 0.013861164 0.016969272 0.030830436
167 4.15 1.6061636 0.01348645 0.016986335 0.030472785
168 4.175 1.5759652 0.013116553 0.016996582 0.030113135
169 4.2 1.546516 0.012752033 0.017 0.029752033
170 4.225 1.517859 0.012393412 0.016996582 0.029389995
171 4.25 1.490033 0.012041175 0.016986335 0.02902751
172 4.275 1.4630729 0.011695766 0.016969272 0.028665038
173 4.3 1.4370091 0.011357589 0.016945419 0.028303008
174 4.325 1.4118679 0.011027009 0.016914811 0.02794182
175 4.35 1.3876716 0.010704353 0.016877492 0.027581846
176 4.375 1.3644379 0.010389908 0.016833517 0.027223425
177 4.4 1.3421805 0.010083922 0.01678295 0.026866873
178 4.425 1.3209089 0.0097866082 0.016725864 0.026512472
179 4.45 1.3006285 0.0094981406 0.016662342 0.026160482
180 4.475 1.2813407 0.0092186593 0.016592475 0.025811134
181 4.5 1.2630428 0.0089482702 0.016516364 0.025464634
182 4.525 1.2457284 0.0086870459 0.016434118 0.025121164
183 4.55 1.2293875 0.008435028 0.016345854 0.024780882
184 4.575 1.2140061 0.0081922277 0.016251698 0.024443926
185 4.6 1.1995673 0.0079586282 0.016151783 0.024110411
186 4.625 1.1860505 0.0077341858 0.016046249 0.023780435
187 4.65 1.1734321 0.0075188315 0.015935245 0.023454077
188 4.675 1.1616856 0.0073124731 0.015818925 0.023131398
189 4.7 1.1507818 0.0071149969 0.015697449 0.022812446
190 4.725 1.1406889 0.0069262687 0.015570984 0.022497253
191 4.75 1.1313726 0.0067461367 0.015439704 0.02218584
192 4.775 1.1227967 0.0065744321 0.015303785 0.021878217
193 4.8 1.1149229 0.0064109715 0.015163411 0.021574382
194 4.825 1.1077113 0.0062555584 0.015018768 0.021274327
195 4.85 1.1011204 0.0061079845 0.014870048 0.020978033
196 4.875 1.0951076 0.0059680317 0.014717446 0.020685477
197 4.9 1.0896289 0.0058354736 0.014561159 0.020396632
198 4.925 1.08464 0.0057100764 0.014401388 0.020111464
199 4.95 1.0800955 0.0055916012 0.014238336 0.019829937
200 4.975 1.07595 0.0054798045 0.014072208 0.019552013
201 5 1.0721577 0.0053744399 0.013903211 0.019277651
202 5.025 1.068673 0.0052752594 0.013731552 0.019006811
203 5.05 1.0654505 0.0051820141 0.013557439 0.018739454
204 5.075 1.0624452 0.0050944556 0.013381082 0.018475537
205 5.1 1.059613 0.0050123367 0.013202687 0.018215023
206 5.125 1.0569105 0.0049354124 0.013022462 0.017957875
207 5.15 1.0542954 0.004863441 0.012840616 0.017704057
208 5.175 1.0517265 0.0047961842 0.012657352 0.017453536
209 5.2 1.0491642 0.0047334082 0.012472874 0.017206282
210 5.225 1.0465704 0.0046748843 0.012287384 0.016962268
211 5.25 1.0439086 0.0046203892 0.012101082 0.016721471
212 5.275 1.0411442 0.0045697056 0.011914163 0.016483868
213 5.3 1.0382447 0.0045226225 0.01172682 0.016249443
214 5.325 1.0351795 0.0044789356 0.011539245 0.01601818
215 5.35 1.0319204 0.0044384473 0.011351622 0.015790069
216 5.375 1.0284412 0.0044009674 0.011164134 0.015565102
217 5.4 1.0247184 0.0043663128 0.01097696 0.015343272
218 5.425 1.0207308 0.0043343077 0.010790271 0.015124579
219 5.45 1.0164597 0.004304784 0.010604238 0.014909022
220 5.475 1.011889 0.0042775806 0.010419024 0.014696605
221 5.5 1.0070051 0.0042525443 0.010234788 0.014487332
222 5.525 1.0017973 0.0042295289 0.010051683 0.014281212
223 5.55 0.99625707 0.0042083956 0.0098698568 0.014078252
224 5.575 0.99037892 0.0041890127 0.0096894519 0.013878465
225 5.6 0.9841598 0.0041712556 0.0095106046 0.01368186
226 5.625 0.97759927 0.0041550065 0.0093334457 0.013488452
227 5.65 0.97069946 0.0041401543 0.0091580999 0.013298254
228 5.675 0.96346504 0.0041265943 0.0089846856 0.01311128
229 5.7 0.9559031 0.0041142282 0.0088133156 0.012927544
230 5.725 0.94802316 0.0041029636 0.0086440961 0.01274706
231 5.75 0.93983706 0.0040927141 0.0084771274 0.012569842
232 5.775 0.93135885 0.0040833987 0.0083125035 0.012395902
233 5.8 0.92260476 0.0040749417 0.0081503122 0.012225254
234 5.825 0.91359303 0.0040672728 0.0079906352 0.012057908
235 5.85 0.90434386 0.0040603263 0.007833548 0.011893874
236 5.875 0.89487924 0.0040540413 0.00767912 0.011733161
237 5.9 0.88522288 0.004048361 0.0075274147 0.011575776
238 5.925 0.87540003 0.0040432331 0.0073784896 0.011421723
239 5.95 0.86543737 0.0040386091 0.007232396 0.011271005
240 5.975 0.85536288 0.004034444 0.0070891799 0.011123624
241 6 0.84520568 0.0040306965 0.0069488813 0.010979578
242 6.025 0.83499585 0.0040273285 0.0068115348 0.010838863
243 6.05 0.82476437 0.0040243049 0.0066771694 0.010701474
244 6.075 0.81454286 0.0040215935 0.0065458089 0.010567402
245 6.1 0.80436349 0.0040191648 0.0064174719 0.010436637
246 6.125 0.79425881 0.0040169917 0.0062921721 0.010309164
247 6.15 0.78426158 0.0040150494 0.0061699181 0.010184968
248 6.175 0.77440463 0.0040133154 0.0060507141 0.010064029
249 6.2 0.76472067 0.004011769 0.0059345594 0.0099463284
250 6.225 0.75524219 0.0040103915 0.0058214493 0.0098318408
251 6.25 0.74600126 0.0040091657 0.0057113747 0.0097205404
252 6.275 0.73702939 0.0040080762 0.0056043225 0.0096123987
253 6.3 0.72835739 0.0040071088 0.0055002759 0.0095073847
254 6.325 0.72001523 0.0040062509 0.0053992143 0.0094054652
255 6.35 0.71203189 0.0040054908 0.0053011138 0.0093066046
256 6.375 0.70443524 0.0040048182 0.0052059471 0.0092107653
257 6.4 0.69725188 0.0040042236 0.0051136839 0.0091179074
258 6.425 0.69050706 0.0040036985 0.0050242908 0.0090279894
259 6.45 0.68422453 0.0040032354 0.0049377321 0.0089409675
260 6.475 0.67842643 0.0040028273 0.0048539691 0.0088567965
261 6.5 0.67313323 0.0040024682 0.0047729611 0.0087754293
262 6.525 0.66836357 0.0040021525 0.004694665 0.0086968174
263 6.55 0.66413422 0.0040018752 0.0046190358 0.0086209109
264 6.575 0.66045999 0.0040016319 0.0045460267 0.0085476586
265 6.6 0.65735365 0.0040014187 0.0044755891 0.0084770079
266 6.625 0.65482587 0.0040012321 0.0044076733 0.0084089054
267 6.65 0.65288518 0.004001069 0.0043422278 0.0083432968
268 6.675 0.65153791 0.0040009265 0.0042792002 0.0082801267
269 6.7 0.65078816 0.0040008021 0.0042185371 0.0082193393
270 6.725 0.65063779 0.0040006938 0.0041601842 0.008160878
271 6.75 0.65108638 0.0040005994 0.0041040865 0.0081046859
272 6.775 0.65213125 0.0040005174 0.0040501883 0.0080507056
273 6.8 0.65376742 0.0040004461 0.0039984336 0.0079988796
274 6.825 0.65598769 0.0040003842 0.003948766 0.0079491502
275 6.85 0.65878259 0.0040003306 0.0039011291 0.0079014597
276 6.875 0.66214048 0.0040002842 0.0038554662 0.0078557504
277 6.9 0.66604752 0.004000244 0.0038117207 0.0078119647
278 6.925 0.67048779 0.0040002093 0.0037698363 0.0077700456
279 6.95 0.67544328 0.0040001794 0.0037297566 0.0077299359
280 6.975 0.68089403 0.0040001535 0.0036914259 0.0076915794
281 7 0.68681814 0.0040001313 0.0036547887 0.00765492
282 7.025 0.69319188 0.0040001121 0.0036197902 0.0076199023
283 7.05 0.69998979 0.0040000957 0.0035863759 0.0075864716
284 7.075 0.70718477 0.0040000816 0.0035544923 0.0075545738
285 7.1 0.71474815 0.0040000695 0.0035240863 0.0075241558
286 7.125 0.72264987 0.0040000591 0.0034951059 0.007495165
287 7.15 0.73085853 0.0040000502 0.0034674996 0.0074675499
288 7.175 0.73934157 0.0040000426 0.0034412172 0.0074412598
289 7.2 0.74806533 0.0040000362 0.003416209 0.0074162452
290 7.225 0.75699524 0.0040000306 0.0033924267 0.0073924573
291 7.25 0.76609592 0.0040000259 0.0033698226 0.0073698486
292 7.275 0.77533135 0.0040000219 0.0033483505 0.0073483724
293 7.3 0.78466496 0.0040000185 0.0033279648 0.0073279833
294 7.325 0.79405983 0.0040000156 0.0033086214 0.007308637
295 7.35 0.80347879 0.0040000132 0.0032902771 0.0072902903
296 7.375 0.8128846 0.0040000111 0.0032728899 0.007272901
297 7.4 0.82224008 0.0040000093 0.0032564189 0.0072564283
298 7.425 0.83150823 0.0040000078 0.0032408245 0.0072408323
299 7.45 0.84065243 0.0040000066 0.003226068 0.0072260746
300 7.475 0.84963655 0.0040000055 0.0032121122 0.0072121177
301 7.5 0.85842509 0.0040000046 0.0031989207 0.0071989253
302 7.525 0.86698332 0.0040000039 0.0031864586 0.0071864624
303 7.55 0.87527744 0.0040000032 0.0031746918 0.0071746951
304 7.575 0.88327468 0.0040000027 0.0031635878 0.0071635905
305 7.6 0.89094346 0.0040000023 0.0031531147 0.007153117
306 7.625 0.89825349 0.0040000019 0.0031432422 0.0071432441
307 7.65 0.9051759 0.0040000016 0.0031339409 0.0071339424
308 7.675 0.91168336 0.0040000013 0.0031251824 0.0071251837
309 7.7 0.91775016 0.0040000011 0.0031169395 0.0071169405
310 7.725 0.92335235 0.0040000009 0.003109186 0.0071091869
311 7.75 0.92846781 0.0040000007 0.0031018969 0.0071018976
312 7.775 0.93307634 0.0040000006 0.0030950479 0.0070950485
313 7.8 0.93715974 0.0040000005 0.003088616 0.0070886165
314 7.825 0.94070189 0.0040000004 0.003082579 0.0070825795
315 7.85 0.9436888 0.0040000003 0.0030769158 0.0070769161
316 7.875 0.94610868 0.0040000003 0.0030716059 0.0070716062
317 7.9 0.94795198 0.0040000002 0.0030666301 0.0070666303
318 7.925 0.9492114 0.0040000002 0.0030619698 0.00706197
319 7.95 0.94988199 0.0040000002 0.0030576073 0.0070576074
320 7.975 0.94996108 0.0040000001 0.0030535257 0.0070535258
321 8 0.94944836 0.0040000001 0.0030497091 0.0070497092
322 8.025 0.94834586 0.0040000001 0.0030461421 0.0070461421
323 8.05 0.94665792 0.0040000001 0.0030428101 0.0070428102
324 8.075 0.9443912 0.0040000001 0.0030396993 0.0070396994
325 8.1 0.94155465 0.004 0.0030367966 0.0070367967
326 8.125 0.93815946 0.004 0.0030340895 0.0070340896
327 8.15 0.93421902 0.004 0.0030315662 0.0070315662
328 8.175 0.92974889 0.004 0.0030292153 0.0070292154
329 8.2 0.9247667 0.004 0.0030270264 0.0070270264
330 8.225 0.91929213 0.004 0.0030249892 0.0070249892
331 8.25 0.91334676 0.004 0.0030230943 0.0070230943
332 8.275 0.90695408 0.004 0.0030213327 0.0070213327
333 8.3 0.9001393 0.004 0.0030196958 0.0070196958
334 8.325 0.89292931 0.004 0.0030181757 0.0070181757
335 8.35 0.88535258 0.004 0.0030167647 0.0070167647
336 8.375 0.87743901 0.004 0.0030154557 0.0070154557
337 8.4 0.86921982 0.004 0.0030142419 0.0070142419
338 8.425 0.86072745 0.004 0.003013117 0.007013117
339 8.45 0.85199542 0.004 0.0030120751 0.0070120751
340 8.475 0.84305819 0.004 0.0030111106 0.0070111106
341 8.5 0.83395103 0.004 0.0030102181 0.0070102181
342 8.525 0.82470988 0.004 0.0030093927 0.0070093927
343 8.55 0.81537121 0.004 0.0030086297 0.0070086297
344 8.575 0.80597188 0.004 0.0030079249 0.0070079249
345 8.6 0.79654899 0.004 0.003007274 0.007007274
346 8.625 0.78713971 0.004 0.0030066734 0.0070066734
347 8.65 0.77778119 0.004 0.0030061194 0.0070061194
348 8.675 0.76851035 0.004 0.0030056086 0.0070056086
349 8.7 0.75936379 0.004 0.003005138 0.007005138
350 8.725 0.7503776 0.004 0.0030047045 0.0070047045
351 8.75 0.74158725 0.004 0.0030043055 0.0070043055
352 8.775 0.73302743 0.004 0.0030039384 0.0070039385
353 8.8 0.72473192 0.004 0.0030036009 0.0070036009
354 8.825 0.71673346 0.004 0.0030032907 0.0070032907
355 8.85 0.70906361 0.004 0.0030030057 0.0070030057
356 8.875 0.70175265 0.004 0.0030027441 0.0070027441
357 8.9 0.69482942 0.004 0.003002504 0.007002504
358 8.925 0.68832126 0.004 0.0030022839 0.0070022839
359 8.95 0.68225384 0.004 0.003002082 0.007002082
360 8.975 0.67665111 0.004 0.0030018971 0.0070018971
361 9 0.67153518 0.004 0.0030017277 0.0070017277
362 9.025 0.66692625 0.004 0.0030015727 0.0070015727
363 9.05 0.66284249 0.004 0.0030014309 0.0070014309
364 9.075 0.65930004 0.004 0.0030013013 0.0070013013
365 9.1 0.65631286 0.004 0.0030011828 0.0070011828
366 9.125 0.65389275 0.004 0.0030010746 0.0070010746
367 9.15 0.65204926 0.004 0.0030009758 0.0070009758
368 9.175 0.65078966 0.004 0.0030008857 0.0070008857
369 9.2 0.65011892 0.004 0.0030008035 0.0070008035
370 9.225 0.6500397 0.004 0.0030007285 0.0070007285
371 9.25 0.65055231 0.004 0.0030006603 0.0070006603
372 9.275 0.65165471 0.004 0.0030005981 0.0070005981
373 9.3 0.65334257 0.004 0.0030005415 0.0070005415
374 9.325 0.65560922 0.004 0.0030004901 0.0070004901
375 9.35 0.65844571 0.004 0.0030004433 0.0070004433
376 9.375 0.66184085 0.004 0.0030004008 0.0070004008
377 9.4 0.66578124 0.004 0.0030003622 0.0070003622
378 9.425 0.67025134 0.004 0.0030003271 0.0070003271
379 9.45 0.67523349 0.004 0.0030002953 0.0070002953
380 9.475 0.68070804 0.004 0.0030002664 0.0070002664
381 9.5 0.68665337 0.004 0.0030002403 0.0070002403
382 9.525 0.69304604 0.004 0.0030002166 0.0070002166
383 9.55 0.6998608 0.004 0.0030001952 0.0070001952
384 9.575 0.70707077 0.004 0.0030001758 0.0070001758
385 9.6 0.71464749 0.004 0.0030001582 0.0070001582
386 9.625 0.72256105 0.004 0.0030001423 0.0070001423
387 9.65 0.73078024 0.004 0.003000128 0.007000128
388 9.675 0.73927259 0.004 0.003000115 0.007000115
389 9.7 0.74800462 0.004 0.0030001034 0.0070001034
390 9.725 0.75694184 0.004 0.0030000928 0.0070000928
391 9.75 0.766049 0.004 0.0030000833 0.0070000833
392 9.775 0.77529014 0.004 0.0030000747 0.0070000747
393 9.8 0.78462881 0.004 0.003000067 0.007000067
394 9.825 0.79402813 0.004 0.00300006 0.00700006
395 9.85 0.80345103 0.004 0.0030000538 0.0070000538
396 9.875 0.8128603 0.004 0.0030000481 0.0070000481
397 9.9 0.82221882 0.004 0.0030000431 0.0070000431
398 9.925 0.83148966 0.004 0.0030000385 0.0070000385
399 9.95 0.84063622 0.004 0.0030000345 0.0070000345
400 9.975 0.8496224 0.004 0.0030000308 0.0070000308
401 10 0.85841275 0.004 0.0030000275 0.0070000275
200 401 47157
1 0 0.90766413 0.0040000362 0.0030008035 0.0070008396
2 0.025 0.91402204 0.0040000426 0.0030008857 0.0070009283
3 0.05 0.9199313 0.0040000502 0.0030009758 0.0070010261
4 0.075 0.92536875 0.0040000591 0.0030010746 0.0070011337
5 0.1 0.9303131 0.0040000695 0.0030011828 0.0070012523
6 0.125 0.93474505 0.0040000816 0.0030013013 0.0070013829
7 0.15 0.93864734 0.0040000957 0.0030014309 0.0070015266
8 0.175 0.94200482 0.0040001121 0.0030015727 0.0070016849
9 0.2 0.94480451 0.0040001313 0.0030017277 0.007001859
10 0.225 0.94703568 0.0040001535 0.0030018971 0.0070020506
11 0.25 0.94868988 0.0040001794 0.003002082 0.0070022614
12 0.275 0.94976094 0.0040002093 0.0030022839 0.0070024932
13 0.3 0.95024507 0.004000244 0.003002504 0.007002748
14 0.325 0.95014083 0.0040002842 0.0030027441 0.0070030283
15 0.35 0.94944914 0.0040003306 0.0030030057 0.0070033363
16 0.375 0.94817331 0.0040003842 0.0030032907 0.0070036749
17 0.4 0.94631898 0.0040004461 0.0030036009 0.007004047
18 0.425 0.94389419 0.0040005174 0.0030039384 0.0070044558
19 0.45 0.94090924 0.0040005994 0.0030043055 0.0070049049
20 0.475 0.93737677 0.0040006938 0.0030047045 0.0070053983
21 0.5 0.93331164 0.0040008021 0.003005138 0.0070059401
22 0.525 0.92873089 0.0040009265 0.0030056086 0.0070065351
23 0.55 0.92365371 0.004001069 0.0030061194 0.0070071884
24 0.575 0.91810135 0.0040012321 0.0030066734 0.0070079056
25 0.6 0.91209706 0.0040014187 0.003007274 0.0070086928
26 0.625 0.90566596 0.0040016319 0.0030079249 0.0070095568
27 0.65 0.89883504 0.0040018752 0.0030086297 0.0070105049
28 0.675 0.89163299 0.0040021525 0.0030093927 0.0070115451
29 0.7 0.8840901 0.0040024682 0.0030102181 0.0070126863
30 0.725 0.8762382 0.0040028273 0.0030111106 0.0070139379
31 0.75 0.86811052 0.0040032354 0.0030120751 0.0070153105
32 0.775 0.85974157 0.0040036985 0.003013117 0.0070168155
33 0.8 0.85116702 0.0040042236 0.0030142419 0.0070184654
34 0.825 0.84242356 0.0040048182 0.0030154557 0.0070202738
35 0.85 0.83354883 0.0040054908 0.0030167647 0.0070222555
36 0.875 0.82458121 0.0040062509 0.0030181757 0.0070244266
37 0.9 0.81555973 0.0040071088 0.0030196958 0.0070268047
38 0.925 0.80652395 0.0040080762 0.0030213327 0.0070294089
39 0.95 0.79751378 0.0040091657 0.0030230943 0.00703226
40 0.975 0.78856938 0.0040103915 0.0030249892 0.0070353807
41 1 0.77973099 0.004011769 0.0030270264 0.0070387954
42 1.025 0.77103884 0.0040133154 0.0030292153 0.0070425307
43 1.05 0.76253297 0.0040150494 0.0030315662 0.0070466156
44 1.075 0.75425313 0.0040169917 0.0030340895 0.0070510812
45 1.1 0.74623862 0.0040191648 0.0030367966 0.0070559614
46 1.125 0.7385282 0.0040215935 0.0030396993 0.0070612928
47 1.15 0.73115991 0.0040243049 0.0030428101 0.007067115
48 1.175 0.72417101 0.0040273285 0.0030461421 0.0070734705
49 1.2 0.71759782 0.0040306965 0.0030497091 0.0070804056
50 1.225 0.71147563 0.004034444 0.0030535257 0.0070879697
51 1.25 0.70583858 0.0040386091 0.0030576073 0.0070962163
52 1.275 0.70071956 0.0040432331 0.0030619698 0.0071052029
53 1.3 0.69615011 0.004048361 0.0030666301 0.0071149911
54 1.325 0.69216036 0.0040540413 0.0030716059 0.0071256472
55 1.35 0.68877891 0.0040603263 0.0030769158 0.0071372421
56 1.375 0.68603274 0.0040672728 0.003082579 0.0071498519
57 1.4 0.68394721 0.0040749417 0.003088616 0.0071635577
58 1.425 0.68254592 0.0040833987 0.0030950479 0.0071784466
59 1.45 0.68185069 0.0040927141 0.0031018969 0.007194611
60 1.475 0.68188151 0.0041029636 0.003109186 0.0072121496
61 1.5 0.68265651 0.0041142282 0.0031169395 0.0072311677
62 1.525 0.68419188 0.0041265943 0.0031251824 0.0072517767
63 1.55 0.68650191 0.0041401543 0.0031339409 0.0072740952
64 1.575 0.68959891 0.0041550065 0.0031432422 0.0072982487
65 1.6 0.69349325 0.0041712556 0.0031531147 0.0073243703
66 1.625 0.6981933 0.0041890127 0.0031635878 0.0073526004
67 1.65 0.70370551 0.0042083956 0.0031746918 0.0073830874
68 1.675 0.71003432 0.0042295289 0.0031864586 0.0074159875
69 1.7 0.71718228 0.0042525443 0.0031989207 0.007451465
70 1.725 0.72515 0.0042775806 0.0032121122 0.0074896928
71 1.75 0.73393622 0.004304784 0.003226068 0.007530852
72 1.775 0.74353782 0.0043343077 0.0032408245 0.0075751322
73 1.8 0.75394988 0.0043663128 0.0032564189 0.0076227317
74 1.825 0.76516572 0.0044009674 0.0032728899 0.0076738573
75 1.85 0.77717696 0.0044384473 0.0032902771 0.0077287244
76 1.875 0.78997356 0.0044789356 0.0033086214 0.007787557
77 1.9 0.80354389 0.0045226225 0.0033279648 0.0078505873
78 1.925 0.81787481 0.0045697056 0.0033483505 0.0079180561
79 1.95 0.83295172 0.0046203892 0.0033698226 0.0079902119
80 1.975 0.84875862 0.0046748843 0.0033924267 0.008067311
81 2 0.86527822 0.0047334082 0.003416209 0.0081496172
82 2.025 0.88249199 0.0047961842 0.0034412172 0.0082374013
83 2.05 0.90038024 0.004863441 0.0034674996 0.0083309406
84 2.075 0.9189222 0.0049354124 0.0034951059 0.0084305183
85 2.1 0.9380961 0.0050123367 0.0035240863 0.008536423
86 2.125 0.95787925 0.0050944556 0.0035544923 0.0086489479
87 2.15 0.97824812 0.0051820141 0.0035863759 0.00876839
88 2.175 0.99917843 0.0052752594 0.0036197902 0.0088950496
89 2.2 1.0206452 0.0053744399 0.0036547887 0.0090292286
90 2.225 1.0426228 0.0054798045 0.0036914259 0.0091712303
91 2.25 1.0650852 0.0055916012 0.0037297566 0.0093213578
92 2.275 1.0880058 0.0057100764 0.0037698363 0.0094799127
93 2.3 1.1113576 0.0058354736 0.0038117207 0.0096471943
94 2.325 1.1351133 0.0059680317 0.0038554662 0.0098234979
95 2.35 1.1592453 0.0061079845 0.0039011291 0.010009114
96 2.375 1.183726 0.0062555584 0.003948766 0.010204324
97 2.4 1.2085274 0.0064109715 0.0039984336 0.010409405
98 2.425 1.2336215 0.0065744321 0.0040501883 0.01062462
99 2.45 1.2589805 0.0067461367 0.0041040865 0.010850223
100 2.475 1.2845761 0.0069262687 0.0041601842 0.011086453
101 2.5 1.3103806 0.0071149969 0.0042185371 0.011333534
102 2.525 1.3363661 0.0073124731 0.0042792002 0.011591673
103 2.55 1.3625048 0.0075188315 0.0043422278 0.011861059
104 2.575 1.3887693 0.0077341858 0.0044076733 0.012141859
105 2.6 1.4151322 0.0079586282 0.0044755891 0.012434217
106 2.625 1.4415664 0.0081922277 0.0045460267 0.012738254
107 2.65 1.468045 0.008435028 0.0046190358 0.013054064
108 2.675 1.4945414 0.0086870459 0.004694665 0.013381711
109 2.7 1.5210292 0.0089482702 0.0047729611 0.013721231
110 2.725 1.5474823 0.0092186593 0.0048539691 0.014072628
111 2.75 1.5738751 0.0094981406 0.0049377321 0.014435873
112 2.775 1.6001821 0.0097866082 0.0050242908 0.014810899
113 2.8 1.6263781 0.010083922 0.0051136839 0.015197606
114 2.825 1.6524382 0.010389908 0.0052059471 0.015595855
115 2.85 1.6783381 0.010704353 0.0053011138 0.016005467
116 2.875 1.7040535 0.011027009 0.0053992143 0.016426224
117 2.9 1.7295606 0.011357589 0.0055002759 0.016857865
118 2.925 1.7548358 0.011695766 0.0056043225 0.017300088
119 2.95 1.7798559 0.012041175 0.0057113747 0.01775255
120 2.975 1.804598 0.012393412 0.0058214493 0.018214862
121 3 1.8290395 0.012752033 0.0059345594 0.018686592
122 3.025 1.8531582 0.013116553 0.0060507141 0.019167267
123 3.05 1.8769321 0.01348645 0.0061699181 0.019656369
124 3.075 1.9003397 0.013861164 0.0062921721 0.020153336
125 3.1 1.9233596 0.014240094 0.0064174719 0.020657566
126 3.125 1.9459709 0.014622606 0.0065458089 0.021168415
127 3.15 1.968153 0.015008028 0.0066771694 0.021685198
128 3.175 1.9898856 0.015395656 0.0068115348 0.022207191
129 3.2 2.0111488 0.015784754 0.0069488813 0.022733635
130 3.225 2.0319232 0.016174553 0.0070891799 0.023263733
131 3.25 2.0521896 0.01656426 0.007232396 0.023796656
132 3.275 2.0719292 0.016953052 0.0073784896 0.024331542
133 3.3 2.0911238 0.017340087 0.0075274147 0.024867502
134 3.325 2.1097554 0.017724502 0.00767912 0.025403622
135 3.35 2.1278067 0.018105414 0.007833548 0.025938962
136 3.375 2.1452608 0.01848193 0.0079906352 0.026472566
137 3.4 2.1621012 0.018853145 0.0081503122 0.027003457
138 3.425 2.1783122 0.019218145 0.0083125035 0.027530649
139 3.45 2.1938784 0.019576016 0.0084771274 0.028053143
140 3.475 2.2087852 0.019925841 0.0086440961 0.028569937
141 3.5 2.2230185 0.02026671 0.0088133156 0.029080026
142 3.525 2.236565 0.02059772 0.0089846856 0.029582406
143 3.55 2.249412 0.020917979 0.0091580999 0.030076079
144 3.575 2.2615475 0.021226612 0.0093334457 0.030560058
145 3.6 2.2729604 0.021522765 0.0095106046 0.031033369
146 3.625 2.2836402 0.021805604 0.0096894519 0.031495056
147 3.65 2.2935774 0.022074328 0.0098698568 0.031944185
148 3.675 2.3027632 0.022328164 0.010051683 0.032379847
149 3.7 2.3111899 0.022566374 0.010234788 0.032801162
150 3.725 2.3188503 0.022788261 0.010419024 0.033207286
151 3.75 2.3257386 0.022993169 0.010604238 0.033597407
152 3.775 2.3318497 0.023180486 0.010790271 0.033970758
153 3.8 2.3371793 0.023349652 0.01097696 0.034326611
154 3.825 2.3417245 0.023500154 0.011164134 0.034664288
155 3.85 2.345483 0.023631536 0.011351622 0.034983158
156 3.875 2.3484537 0.023743396 0.011539245 0.035282641
157 3.9 2.3506364 0.023835392 0.01172682 0.035562212
158 3.925 2.352032 0.023907241 0.011914163 0.035821403
159 3.95 2.3526424 0.02395872 0.012101082 0.036059802
160 3.975 2.3524705 0.023989672 0.012287384 0.036277056
161 4 2.3515199 0.024 0.012472874 0.036472874
162 4.025 2.3497956 0.023989672 0.012657352 0.036647024
163 4.05 2.3473034 0.02395872 0.012840616 0.036799336
164 4.075 2.3440498 0.023907241 0.013022462 0.036929703
165 4.1 2.3400425 0.023835392 0.013202687 0.037038078
166 4.125 2.3352899 0.023743396 0.013381082 0.037124477
167 4.15 2.3298013 0.023631536 0.013557439 0.037188975
168 4.175 2.3235868 0.023500154 0.013731552 0.037231706
169 4.2 2.3166572 0.023349652 0.013903211 0.037252863
170 4.225 2.3090241 0.023180486 0.014072208 0.037252694
171 4.25 2.3006996 0.022993169 0.014238336 0.037231505
172 4.275 2.2916968 0.022788261 0.014401388 0.037189649
173 4.3 2.2820289 0.022566374 0.014561159 0.037127533
174 4.325 2.27171 0.022328164 0.014717446 0.03704561
175 4.35 2.2607544 0.022074328 0.014870048 0.036944376
176 4.375 2.249177 0.021805604 0.015018768 0.036824373
177 4.4 2.236993 0.021522765 0.015163411 0.036686175
178 4.425 2.2242179 0.021226612 0.015303785 0.036530397
179 4.45 2.2108674 0.020917979 0.015439704 0.036357683
180 4.475 2.1969576 0.02059772 0.015570984 0.036168704
181 4.5 2.1825046 0.02026671 0.015697449 0.035964159
182 4.525 2.1675247 0.019925841 0.015818925 0.035744766
183 4.55 2.1520341 0.019576016 0.015935245 0.035511261
184 4.575 2.1360492 0.019218145 0.016046249 0.035264394
185 4.6 2.1195864 0.018853145 0.016151783 0.035004928
186 4.625 2.1026619 0.01848193 0.016251698 0.034733628
187 4.65 2.0852919 0.018105414 0.016345854 0.034451268
188 4.675 2.0674924 0.017724502 0.016434118 0.034158619
189 4.7 2.0492794 0.017340087 0.016516364 0.033856451
190 4.725 2.0306687 0.016953052 0.016592475 0.033545527
191 4.75 2.0116757 0.01656426 0.016662342 0.033226601
192 4.775 1.9923158 0.016174553 0.016725864 0.032900417
193 4.8 1.9726042 0.015784754 0.01678295 0.032567704
194 4.825 1.9525559 0.015395656 0.016833517 0.032229174
195 4.85 1.9321855 0.015008028 0.016877492 0.03188552
196 4.875 1.9115077 0.014622606 0.016914811 0.031537417
197 4.9 1.8905366 0.014240094 0.016945419 0.031185513
198 4.925 1.8692864 0.013861164 0.016969272 0.030830436
199 4.95 1.8477712 0.01348645 0.016986335 0.030472785
200 4.975 1.8260047 0.013116553 0.016996582 0.030113135
201 5 1.8040005 0.012752033 0.017 0.029752033
202 5.025 1.7817724 0.012393412 0.016996582 0.029389995
203 5.05 1.7593337 0.012041175 0.016986335 0.02902751
204 5.075 1.7366981 0.011695766 0.016969272 0.028665038
205 5.1 1.7138789 0.011357589 0.016945419 0.028303008
206 5.125 1.6908898 0.011027009 0.016914811 0.02794182
207 5.15 1.6677442 0.010704353 0.016877492 0.027581846
208 5.175 1.644456 0.010389908 0.016833517 0.027223425
209 5.2 1.621039 0.010083922 0.01678295 0.026866873
210 5.225 1.5975073 0.0097866082 0.016725864 0.026512472
211 5.25 1.5738751 0.0094981406 0.016662342 0.026160482
212 5.275 1.5501571 0.0092186593 0.016592475 0.025811134
213 5.3 1.5263682 0.0089482702 0.016516364 0.025464634
214 5.325 1.5025236 0.0086870459 0.016434118 0.025121164
215 5.35 1.4786389 0.008435028 0.016345854 0.024780882
216 5.375 1.4547302 0.0081922277 0.016251698 0.024443926
217 5.4 1.4308139 0.0079586282 0.016151783 0.024110411
218 5.425 1.4069071 0.0077341858 0.016046249 0.023780435
219 5.45 1.383027 0.0075188315 0.015935245 0.023454077
220 5.475 1.3591917 0.0073124731 0.015818925 0.023131398
221 5.5 1.3354196 0.0071149969 0.015697449 0.022812446
222 5.525 1.3117297 0.0069262687 0.015570984 0.022497253
223 5.55 1.2881414 0.0067461367 0.015439704 0.02218584
224 5.575 1.2646748 0.0065744321 0.015303785 0.021878217
225 5.6 1.2413504 0.0064109715 0.015163411 0.021574382
226 5.625 1.2181892 0.0062555584 0.015018768 0.021274327
227 5.65 1.1952127 0.0061079845 0.014870048 0.020978033
228 5.675 1.1724429 0.0059680317 0.014717446 0.020685477
229 5.7 1.1499022 0.0058354736 0.014561159 0.020396632
230 5.725 1.1276132 0.0057100764 0.014401388 0.020111464
231 5.75 1.1055992 0.0055916012 0.014238336 0.019829937
232 5.775 1.0838834 0.0054798045 0.014072208 0.019552013
233 5.8 1.0624895 0.0053744399 0.013903211 0.019277651
234 5.825 1.0414414 0.0052752594 0.013731552 0.019006811
235 5.85 1.0207629 0.0051820141 0.013557439 0.018739454
236 5.875 1.0004781 0.0050944556 0.013381082 0.018475537
237 5.9 0.98061091 0.0050123367 0.013202687 0.018215023
238 5.925 0.96118517 0.0049354124 0.013022462 0.017957875
239 5.95 0.94222457 0.004863441 0.012840616 0.017704057
240 5.975 0.92375254 0.0047961842 0.012657352 0.017453536
241 6 0.90579216 0.0047334082 0.012472874 0.017206282
242 6.025 0.88836605 0.0046748843 0.012287384 0.016962268
243 6.05 0.87149633 0.0046203892 0.012101082 0.016721471
244 6.075 0.85520449 0.0045697056 0.011914163 0.016483868
245 6.1 0.83951131 0.0045226225 0.01172682 0.016249443
246 6.125 0.82443677 0.0044789356 0.011539245 0.01601818
247 6.15 0.80999995 0.0044384473 0.011351622 0.015790069
248 6.175 0.79621896 0.0044009674 0.011164134 0.015565102
249 6.2 0.78311081 0.0043663128 0.01097696 0.015343272
250 6.225 0.77069136 0.0043343077 0.010790271 0.015124579
251 6.25 0.75897521 0.004304784 0.010604238 0.014909022
252 6.275 0.74797562 0.0042775806 0.010419024 0.014696605
253 6.3 0.73770444 0.0042525443 0.010234788 0.014487332
254 6.325 0.72817204 0.0042295289 0.010051683 0.014281212
255 6.35 0.7193872 0.0042083956 0.0098698568 0.014078252
256 6.375 0.71135708 0.0041890127 0.0096894519 0.013878465
257 6.4 0.70408716 0.0041712556 0.0095106046 0.01368186
258 6.425 0.69758115 0.0041550065 0.0093334457 0.013488452
259 6.45 0.69184096 0.0041401543 0.0091580999 0.013298254
260 6.475 0.68686669 0.0041265943 0.0089846856 0.01311128
261 6.5 0.68265651 0.0041142282 0.0088133156 0.012927544
262 6.525 0.67920671 0.0041029636 0.0086440961 0.01274706
263 6.55 0.67651163 0.0040927141 0.0084771274 0.012569842
264 6.575 0.67456368 0.0040833987 0.0083125035 0.012395902
265 6.6 0.6733533 0.0040749417 0.0081503122 0.012225254
266 6.625 0.67286897 0.0040672728 0.0079906352 0.012057908
267 6.65 0.67309722 0.0040603263 0.007833548 0.011893874
268 6.675 0.67402265 0.0040540413 0.00767912 0.011733161
269 6.7 0.67562795 0.004048361 0.0075274147 0.011575776
270 6.725 0.67789394 0.0040432331 0.0073784896 0.011421723
271 6.75 0.68079959 0.0040386091 0.007232396 0.011271005
272 6.775 0.68432209 0.004034444 0.0070891799 0.011123624
273 6.8 0.68843689 0.0040306965 0.0069488813 0.010979578
274 6.825 0.69311777 0.0040273285 0.0068115348 0.010838863
275 6.85 0.69833691 0.0040243049 0.0066771694 0.010701474
276 6.875 0.70406499 0.0040215935 0.0065458089 0.010567402
277 6.9 0.71027121 0.0040191648 0.0064174719 0.010436637
278 6.925 0.71692345 0.0040169917 0.0062921721 0.010309164
279 6.95 0.72398836 0.0040150494 0.0061699181 0.010184968
280 6.975 0.73143141 0.0040133154 0.0060507141 0.010064029
281 7 0.73921705 0.004011769 0.0059345594 0.0099463284
282 7.025 0.74730883 0.0040103915 0.0058214493 0.0098318408
283 7.05 0.75566945 0.0040091657 0.0057113747 0.0097205404
284 7.075 0.76426099 0.0040080762 0.0056043225 0.0096123987
285 7.1 0.77304492 0.0040071088 0.0055002759 0.0095073847
286 7.125 0.78198234 0.0040062509 0.0053992143 0.0094054652
287 7.15 0.79103402 0.0040054908 0.0053011138 0.0093066046
288 7.175 0.8001606 0.0040048182 0.0052059471 0.0092107653
289 7.2 0.80932269 0.0040042236 0.0051136839 0.0091179074
290 7.225 0.81848102 0.0040036985 0.0050242908 0.0090279894
291 7.25 0.82759659 0.0040032354 0.0049377321 0.0089409675
292 7.275 0.83663077 0.0040028273 0.0048539691 0.0088567965
293 7.3 0.84554549 0.0040024682 0.0047729611 0.0087754293
294 7.325 0.85430331 0.0040021525 0.004694665 0.0086968174
295 7.35 0.86286763 0.0040018752 0.0046190358 0.0086209109
296 7.375 0.87120275 0.0040016319 0.0045460267 0.0085476586
297 7.4 0.87927406 0.0040014187 0.0044755891 0.0084770079
298 7.425 0.88704811 0.0040012321 0.0044076733 0.0084089054
299 7.45 0.89449278 0.004001069 0.0043422278 0.0083432968
300 7.475 0.90157735 0.0040009265 0.0042792002 0.0082801267
301 7.5 0.90827265 0.0040008021 0.0042185371 0.0082193393
302 7.525 0.91455116 0.0040006938 0.0041601842 0.008160878
303 7.55 0.92038708 0.0040005994 0.0041040865 0.0081046859
304 7.575 0.92575647 0.0040005174 0.0040501883 0.0080507056
305 7.6 0.93063729 0.0040004461 0.0039984336 0.0079988796
306 7.625 0.93500953 0.0040003842 0.003948766 0.0079491502
307 7.65 0.93885523 0.0040003306 0.0039011291 0.0079014597
308 7.675 0.9421586 0.0040002842 0.0038554662 0.0078557504
309 7.7 0.94490602 0.004000244 0.0038117207 0.0078119647
310 7.725 0.94708614 0.0040002093 0.0037698363 0.0077700456
311 7.75 0.94868988 0.0040001794 0.0037297566 0.0077299359
312 7.775 0.94971049 0.0040001535 0.0036914259 0.0076915794
313 7.8 0.95014357 0.0040001313 0.0036547887 0.00765492
314 7.825 0.94998705 0.0040001121 0.0036197902 0.0076199023
315 7.85 0.94924125 0.0040000957 0.0035863759 0.0075864716
316 7.875 0.94790883 0.0040000816 0.0035544923 0.0075545738
317 7.9 0.94599479 0.0040000695 0.0035240863 0.0075241558
318 7.925 0.94350646 0.0040000591 0.0034951059 0.007495165
319 7.95 0.94045347 0.0040000502 0.0034674996 0.0074675499
320 7.975 0.93684766 0.0040000426 0.0034412172 0.0074412598
321 8 0.93270311 0.0040000362 0.003416209 0.0074162452
322 8.025 0.92803603 0.0040000306 0.0033924267 0.0073924573
323 8.05 0.92286471 0.0040000259 0.0033698226 0.0073698486
324 8.075 0.91720943 0.0040000219 0.0033483505 0.0073483724
325 8.1 0.91109241 0.0040000185 0.0033279648 0.0073279833
326 8.125 0.9045377 0.0040000156 0.0033086214 0.007308637
327 8.15 0.89757108 0.0040000132 0.0032902771 0.0072902903
328 8.175 0.89021996 0.0040000111 0.0032728899 0.007272901
329 8.2 0.8825133 0.0040000093 0.0032564189 0.0072564283
330 8.225 0.87448145 0.0040000078 0.0032408245 0.0072408323
331 8.25 0.86615605 0.0040000066 0.003226068 0.0072260746
332 8.275 0.85756992 0.0040000055 0.0032121122 0.0072121177
333 8.3 0.84875689 0.0040000046 0.0031989207 0.0071989253
334 8.325 0.83975172 0.0040000039 0.0031864586 0.0071864624
335 8.35 0.8305899 0.0040000032 0.0031746918 0.0071746951
336 8.375 0.82130757 0.0040000027 0.0031635878 0.0071635905
337 8.4 0.81194133 0.0040000023 0.0031531147 0.007153117
338 8.425 0.80252813 0.0040000019 0.0031432422 0.0071432441
339 8.45 0.7931051 0.0040000016 0.0031339409 0.0071339424
340 8.475 0.7837094 0.0040000013 0.0031251824 0.0071251837
341 8.5 0.7743781 0.0040000011 0.0031169395 0.0071169405
342 8.525 0.76514801 0.0040000009 0.003109186 0.0071091869
343 8.55 0.75605556 0.0040000007 0.0031018969 0.0071018976
344 8.575 0.7471366 0.0040000006 0.0030950479 0.0070950485
345 8.6 0.73842634 0.0040000005 0.003088616 0.0070886165
346 8.625 0.72995913 0.0040000004 0.003082579 0.0070825795
347 8.65 0.72176839 0.0040000003 0.0030769158 0.0070769161
348 8.675 0.71388644 0.0040000003 0.0030716059 0.0070716062
349 8.7 0.70634438 0.0040000002 0.0030666301 0.0070666303
350 8.725 0.69917196 0.0040000002 0.0030619698 0.00706197
351 8.75 0.6923975 0.0040000002 0.0030576073 0.0070576074
352 8.775 0.68604771 0.0040000001 0.0030535257 0.0070535258
353 8.8 0.68014767 0.0040000001 0.0030497091 0.0070497092
354 8.825 0.67472064 0.0040000001 0.0030461421 0.0070461421
355 8.85 0.66978805 0.0040000001 0.0030428101 0.0070428102
356 8.875 0.66536936 0.0040000001 0.0030396993 0.0070396994
357 8.9 0.66148201 0.004 0.0030367966 0.0070367967
358 8.925 0.65814134 0.004 0.0030340895 0.0070340896
359 8.95 0.65536052 0.004 0.0030315662 0.0070315662
360 8.975 0.65315054 0.004 0.0030292153 0.0070292154
361 9 0.65152011 0.004 0.0030270264 0.0070270264
362 9.025 0.65047567 0.004 0.0030249892 0.0070249892
363 9.05 0.65002134 0.004 0.0030230943 0.0070230943
364 9.075 0.65015891 0.004 0.0030213327 0.0070213327
365 9.1 0.65088784 0.004 0.0030196958 0.0070196958
366 9.125 0.65220525 0.004 0.0030181757 0.0070181757
367 9.15 0.65410594 0.004 0.0030167647 0.0070167647
368 9.175 0.65658241 0.004 0.0030154557 0.0070154557
369 9.2 0.65962488 0.004 0.0030142419 0.0070142419
370 9.225 0.66322136 0.004 0.003013117 0.007013117
371 9.25 0.66735764 0.004 0.0030120751 0.0070120751
372 9.275 0.67201739 0.004 0.0030111106 0.0070111106
373 9.3 0.67718224 0.004 0.0030102181 0.0070102181
374 9.325 0.68283179 0.004 0.0030093927 0.0070093927
375 9.35 0.68894376 0.004 0.0030086297 0.0070086297
376 9.375 0.69549401 0.004 0.0030079249 0.0070079249
377 9.4 0.7024567 0.004 0.003007274 0.007007274
378 9.425 0.70980435 0.004 0.0030066734 0.0070066734
379 9.45 0.71750796 0.004 0.0030061194 0.0070061194
380 9.475 0.72553713 0.004 0.0030056086 0.0070056086
381 9.5 0.73386017 0.004 0.003005138 0.007005138
382 9.525 0.74244424 0.004 0.0030047045 0.0070047045
383 9.55 0.75125545 0.004 0.0030043055 0.0070043055
384 9.575 0.76025903 0.004 0.0030039384 0.0070039385
385 9.6 0.76941946 0.004 0.0030036009 0.0070036009
386 9.625 0.77870057 0.004 0.0030032907 0.0070032907
387 9.65 0.78806574 0.004 0.0030030057 0.0070030057
388 9.675 0.79747801 0.004 0.0030027441 0.0070027441
389 9.7 0.80690023 0.004 0.003002504 0.007002504
390 9.725 0.81629522 0.004 0.0030022839 0.0070022839
391 9.75 0.8256259 0.004 0.003002082 0.007002082
392 9.775 0.83485545 0.004 0.0030018971 0.0070018971
393 9.8 0.84394744 0.004 0.0030017277 0.0070017277
394 9.825 0.85286599 0.004 0.0030015727 0.0070015727
395 9.85 0.8615759 0.004 0.0030014309 0.0070014309
396 9.875 0.8700428 0.004 0.0030013013 0.0070013013
397 9.9 0.87823327 0.004 0.0030011828 0.0070011828
398 9.925 0.88611499 0.004 0.0030010746 0.0070010746
399 9.95 0.89365685 0.004 0.0030009758 0.0070009758
400 9.975 0.9008291 0.004 0.0030008857 0.0070008857
401 10 0.90760341 0.004 0.0030008035 0.0070008035
300 401 47160
1 0 0.93980653 0.0040000001 0.0030000275 0.0070000276
2 0.025 0.94294366 0.0040000001 0.0030000308 0.0070000309
3 0.05 0.94551668 0.0040000002 0.0030000345 0.0070000346
4 0.075 0.94751544 0.0040000002 0.0030000385 0.0070000387
5 0.1 0.94893204 0.0040000002 0.0030000431 0.0070000433
6 0.125 0.94976091 0.0040000003 0.0030000481 0.0070000484
7 0.15 0.94999878 0.0040000003 0.0030000538 0.0070000541
8 0.175 0.94964472 0.0040000004 0.00300006 0.0070000605
9 0.2 0.94870012 0.0040000005 0.003000067 0.0070000675
10 0.225 0.94716873 0.0040000006 0.0030000747 0.0070000753
11 0.25 0.94505659 0.0040000007 0.0030000833 0.007000084
12 0.275 0.94237206 0.0040000009 0.0030000928 0.0070000937
13 0.3 0.93912573 0.0040000011 0.0030001034 0.0070001044
14 0.325 0.93533043 0.0040000013 0.003000115 0.0070001163
15 0.35 0.93100115 0.0040000016 0.003000128 0.0070001296
16 0.375 0.926155 0.0040000019 0.0030001423 0.0070001442
17 0.4 0.92081111 0.0040000023 0.0030001582 0.0070001605
18 0.425 0.9149906 0.0040000027 0.0030001758 0.0070001785
19 0.45 0.90871646 0.0040000032 0.0030001952 0.0070001984
20 0.475 0.90201347 0.0040000039 0.0030002166 0.0070002205
21 0.5 0.89490813 0.0040000046 0.0030002403 0.0070002449
22 0.525 0.8874285 0.0040000055 0.0030002664 0.007000272
23 0.55 0.87960414 0.0040000066 0.0030002953 0.0070003019
24 0.575 0.87146596 0.0040000078 0.0030003271 0.0070003349
25 0.6 0.86304615 0.0040000093 0.0030003622 0.0070003715
26 0.625 0.85437796 0.0040000111 0.0030004008 0.0070004119
27 0.65 0.84549569 0.0040000132 0.0030004433 0.0070004565
28 0.675 0.83643444 0.0040000156 0.0030004901 0.0070005057
29 0.7 0.82723006 0.0040000185 0.0030005415 0.0070005601
30 0.725 0.81791894 0.0040000219 0.0030005981 0.00700062
31 0.75 0.80853794 0.0040000259 0.0030006603 0.0070006862
32 0.775 0.79912418 0.0040000306 0.0030007285 0.0070007592
33 0.8 0.78971494 0.0040000362 0.0030008035 0.0070008396
34 0.825 0.78034746 0.0040000426 0.0030008857 0.0070009283
35 0.85 0.77105889 0.0040000502 0.0030009758 0.0070010261
36 0.875 0.76188603 0.0040000591 0.0030010746 0.0070011337
37 0.9 0.75286527 0.0040000695 0.0030011828 0.0070012523
38 0.925 0.74403241 0.0040000816 0.0030013013 0.0070013829
39 0.95 0.73542255 0.0040000957 0.0030014309 0.0070015266
40 0.975 0.7270699 0.0040001121 0.0030015727 0.0070016849
41 1 0.71900773 0.0040001313 0.0030017277 0.007001859
42 1.025 0.71126815 0.0040001535 0.0030018971 0.0070020506
43 1.05 0.70388206 0.0040001794 0.003002082 0.0070022614
44 1.075 0.69687899 0.0040002093 0.0030022839 0.0070024932
45 1.1 0.69028699 0.004000244 0.003002504 0.007002748
46 1.125 0.68413256 0.0040002842 0.0030027441 0.0070030283
47 1.15 0.67844049 0.0040003306 0.0030030057 0.0070033363
48 1.175 0.67323381 0.0040003842 0.0030032907 0.0070036749
49 1.2 0.66853372 0.0040004461 0.0030036009 0.007004047
50 1.225 0.66435944 0.0040005174 0.0030039384 0.0070044558
51 1.25 0.66072821 0.0040005994 0.0030043055 0.0070049049
52 1.275 0.65765521 0.0040006938 0.0030047045 0.0070053983
53 1.3 0.65515347 0.0040008021 0.003005138 0.0070059401
54 1.325 0.65323387 0.0040009265 0.0030056086 0.0070065351
55 1.35 0.65190511 0.004001069 0.0030061194 0.0070071884
56 1.375 0.65117364 0.0040012321 0.0030066734 0.0070079056
57 1.4 0.65104367 0.0040014187 0.003007274 0.0070086928
58 1.425 0.65151717 0.0040016319 0.0030079249 0.0070095568
59 1.45 0.65259384 0.0040018752 0.0030086297 0.0070105049
60 1.475 0.65427118 0.0040021525 0.0030093927 0.0070115451
61 1.5 0.65654445 0.0040024682 0.0030102181 0.0070126863
62 1.525 0.65940673 0.0040028273 0.0030111106 0.0070139379
63 1.55 0.66284896 0.0040032354 0.0030120751 0.0070153105
64 1.575 0.66685999 0.0040036985 0.003013117 0.0070168155
65 1.6 0.67142663 0.0040042236 0.0030142419 0.0070184654
66 1.625 0.67653373 0.0040048182 0.0030154557 0.0070202738
67 1.65 0.68216424 0.0040054908 0.0030167647 0.0070222555
68 1.675 0.68829931 0.0040062509 0.0030181757 0.0070244266
69 1.7 0.69491836 0.0040071088 0.0030196958 0.0070268047
70 1.725 0.70199923 0.0040080762 0.0030213327 0.0070294089
71 1.75 0.70951822 0.0040091657 0.0030230943 0.00703226
72 1.775 0.71745025 0.0040103915 0.0030249892 0.0070353807
73 1.8 0.72576897 0.004011769 0.0030270264 0.0070387954
74 1.825 0.7344469 0.0040133154 0.0030292153 0.0070425307
75 1.85 0.74345552 0.0040150494 0.0030315662 0.0070466156
76 1.875 0.75276545 0.0040169917 0.0030340895 0.0070510812
77 1.9 0.76234659 0.0040191648 0.0030367966 0.0070559614
78 1.925 0.77216825 0.0040215935 0.0030396993 0.0070612928
79 1.95 0.78219927 0.0040243049 0.0030428101 0.007067115
80 1.975 0.79240826 0.0040273285 0.0030461421 0.0070734705
81 2 0.80276366 0.0040306965 0.0030497091 0.0070804056
82 2.025 0.81323394 0.004034444 0.0030535257 0.0070879697
83 2.05 0.82378777 0.0040386091 0.0030576073 0.0070962163
84 2.075 0.83439414 0.0040432331 0.0030619698 0.0071052029
85 2.1 0.84502253 0.004048361 0.0030666301 0.0071149911
86 2.125 0.85564309 0.0040540413 0.0030716059 0.0071256472
87 2.15 0.86622674 0.0040603263 0.0030769158 0.0071372421
88 2.175 0.87674539 0.0040672728 0.003082579 0.0071498519
89 2.2 0.88717201 0.0040749417 0.003088616 0.0071635577
90 2.225 0.89748083 0.0040833987 0.0030950479 0.0071784466
91 2.25 0.90764747 0.0040927141 0.0031018969 0.007194611
92 2.275 0.91764904 0.0041029636 0.003109186 0.0072121496
93 2.3 0.92746432 0.0041142282 0.0031169395 0.0072311677
94 2.325 0.93707383 0.0041265943 0.0031251824 0.0072517767
95 2.35 0.94645999 0.0041401543 0.0031339409 0.0072740952
96 2.375 0.95560719 0.0041550065 0.0031432422 0.0072982487
97 2.4 0.96450191 0.0041712556 0.0031531147 0.0073243703
98 2.425 0.9731328 0.0041890127 0.0031635878 0.0073526004
99 2.45 0.98149077 0.0042083956 0.0031746918 0.0073830874
100 2.475 0.98956907 0.0042295289 0.0031864586 0.0074159875
101 2.5 0.99736331 0.0042525443 0.0031989207 0.007451465
102 2.525 1.0048716 0.0042775806 0.0032121122 0.0074896928
103 2.55 1.0120944 0.004304784 0.003226068 0.007530852
104 2.575 1.0190348 0.0043343077 0.0032408245 0.0075751322
105 2.6 1.0256985 0.0043663128 0.0032564189 0.0076227317
106 2.625 1.0320934 0.0044009674 0.0032728899 0.0076738573
107 2.65 1.0382303 0.0044384473 0.0032902771 0.0077287244
108 2.675 1.0441224 0.0044789356 0.0033086214 0.007787557
109 2.7 1.0497851 0.0045226225 0.0033279648 0.0078505873
110 2.725 1.0552366 0.0045697056 0.0033483505 0.0079180561
111 2.75 1.0604974 0.0046203892 0.0033698226 0.0079902119
112 2.775 1.0655901 0.0046748843 0.0033924267 0.008067311
113 2.8 1.0705398 0.0047334082 0.003416209 0.0081496172
114 2.825 1.0753736 0.0047961842 0.0034412172 0.0082374013
115 2.85 1.0801206 0.004863441 0.0034674996 0.0083309406
116 2.875 1.084812 0.0049354124 0.0034951059 0.0084305183
117 2.9 1.0894807 0.0050123367 0.0035240863 0.008536423
118 2.925 1.0941611 0.0050944556 0.0035544923 0.0086489479
119 2.95 1.0988895 0.0051820141 0.0035863759 0.00876839
120 2.975 1.1037031 0.0052752594 0.0036197902 0.0088950496
121 3 1.1086408 0.0053744399 0.0036547887 0.0090292286
122 3.025 1.113742 0.0054798045 0.0036914259 0.0091712303
123 3.05 1.1190472 0.0055916012 0.0037297566 0.0093213578
124 3.075 1.1245977 0.0057100764 0.0037698363 0.0094799127
125 3.1 1.130435 0.0058354736 0.0038117207 0.0096471943
126 3.125 1.1366009 0.0059680317 0.0038554662 0.0098234979
127 3.15 1.1431373 0.0061079845 0.0039011291 0.010009114
128 3.175 1.1500859 0.0062555584 0.003948766 0.010204324
129 3.2 1.157488 0.0064109715 0.0039984336 0.010409405
130 3.225 1.1653843 0.0065744321 0.0040501883 0.01062462
131 3.25 1.1738146 0.0067461367 0.0041040865 0.010850223
132 3.275 1.1828178 0.0069262687 0.0041601842 0.011086453
133 3.3 1.1924314 0.0071149969 0.0042185371 0.011333534
134 3.325 1.2026915 0.0073124731 0.0042792002 0.011591673
135 3.35 1.2136324 0.0075188315 0.0043422278 0.011861059
136 3.375 1.2252866 0.0077341858 0.0044076733 0.012141859
137 3.4 1.2376844 0.0079586282 0.0044755891 0.012434217
138 3.425 1.2508538 0.0081922277 0.0045460267 0.012738254
139 3.45 1.2648202 0.008435028 0.0046190358 0.013054064
140 3.475 1.2796065 0.0086870459 0.004694665 0.013381711
141 3.5 1.2952324 0.0089482702 0.0047729611 0.013721231
142 3.525 1.3117148 0.0092186593 0.0048539691 0.014072628
143 3.55 1.3290673 0.0094981406 0.0049377321 0.014435873
144 3.575 1.3473001 0.0097866082 0.0050242908 0.014810899
145 3.6 1.36642 0.010083922 0.0051136839 0.015197606
146 3.625 1.38643 0.010389908 0.0052059471 0.015595855
147 3.65 1.4073295 0.010704353 0.0053011138 0.016005467
148 3.675 1.4291141 0.011027009 0.0053992143 0.016426224
149 3.7 1.4517754 0.011357589 0.0055002759 0.016857865
150 3.725 1.4753011 0.011695766 0.0056043225 0.017300088
151 3.75 1.4996749 0.012041175 0.0057113747 0.01775255
152 3.775 1.5248764 0.012393412 0.0058214493 0.018214862
153 3.8 1.5508813 0.012752033 0.0059345594 0.018686592
154 3.825 1.5776612 0.013116553 0.0060507141 0.019167267
155 3.85 1.6051835 0.01348645 0.0061699181 0.019656369
156 3.875 1.633412 0.013861164 0.0062921721 0.020153336
157 3.9 1.6623062 0.014240094 0.0064174719 0.020657566
158 3.925 1.6918221 0.014622606 0.0065458089 0.021168415
159 3.95 1.7219118 0.015008028 0.0066771694 0.021685198
160 3.975 1.7525238 0.015395656 0.0068115348 0.022207191
161 4 1.7836032 0.015784754 0.0069488813 0.022733635
162 4.025 1.8150918 0.016174553 0.0070891799 0.023263733
163 4.05 1.846928 0.01656426 0.007232396 0.023796656
164 4.075 1.8790476 0.016953052 0.0073784896 0.024331542
165 4.1 1.9113834 0.017340087 0.0075274147 0.024867502
166 4.125 1.9438656 0.017724502 0.00767912 0.025403622
167 4.15 1.9764221 0.018105414 0.007833548 0.025938962
168 4.175 2.0089789 0.01848193 0.0079906352 0.026472566
169 4.2 2.0414598 0.018853145 0.0081503122 0.027003457
170 4.225 2.0737875 0.019218145 0.0083125035 0.027530649
171 4.25 2.1058828 0.019576016 0.0084771274 0.028053143
172 4.275 2.1376661 0.019925841 0.0086440961 0.028569937
173 4.3 2.1690565 0.02026671 0.0088133156 0.029080026
174 4.325 2.1999731 0.02059772 0.0089846856 0.029582406
175 4.35 2.2303346 0.020917979 0.0091580999 0.030076079
176 4.375 2.2600599 0.021226612 0.0093334457 0.030560058
177 4.4 2.2890684 0.021522765 0.0095106046 0.031033369
178 4.425 2.3172803 0.021805604 0.0096894519 0.031495056
179 4.45 2.3446168 0.022074328 0.0098698568 0.031944185
180 4.475 2.3710005 0.022328164 0.010051683 0.032379847
181 4.5 2.3963557 0.022566374 0.010234788 0.032801162
182 4.525 2.4206086 0.022788261 0.010419024 0.033207286
183 4.55 2.4436878 0.022993169 0.010604238 0.033597407
184 4.575 2.4655242 0.023180486 0.010790271 0.033970758
185 4.6 2.4860517 0.023349652 0.01097696 0.034326611
186 4.625 2.5052072 0.023500154 0.011164134 0.034664288
187 4.65 2.5229308 0.023631536 0.011351622 0.034983158
188 4.675 2.5391663 0.023743396 0.011539245 0.035282641
189 4.7 2.5538612 0.023835392 0.01172682 0.035562212
190 4.725 2.5669669 0.023907241 0.011914163 0.035821403
191 4.75 2.5784392 0.02395872 0.012101082 0.036059802
192 4.775 2.588238 0.023989672 0.012287384 0.036277056
193 4.8 2.5963277 0.024 0.012472874 0.036472874
194 4.825 2.6026776 0.023989672 0.012657352 0.036647024
195 4.85 2.6072615 0.02395872 0.012840616 0.036799336
196 4.875 2.6100581 0.023907241 0.013022462 0.036929703
197 4.9 2.6110511 0.023835392 0.013202687 0.037038078
198 4.925 2.6102294 0.023743396 0.013381082 0.037124477
199 4.95 2.6075865 0.023631536 0.013557439 0.037188975
200 4.975 2.6031215 0.023500154 0.013731552 0.037231706
201 5 2.5968382 0.023349652 0.013903211 0.037252863
202 5.025 2.5887456 0.023180486 0.014072208 0.037252694
203 5.05 2.5788578 0.022993169 0.014238336 0.037231505
204 5.075 2.5671938 0.022788261 0.014401388 0.037189649
205 5.1 2.5537775 0.022566374 0.014561159 0.037127533
206 5.125 2.5386377 0.022328164 0.014717446 0.03704561
207 5.15 2.5218078 0.022074328 0.014870048 0.036944376
208 5.175 2.5033258 0.021805604 0.015018768 0.036824373
209 5.2 2.4832342 0.021522765 0.015163411 0.036686175
210 5.225 2.4615797 0.021226612 0.015303785 0.036530397
211 5.25 2.4384131 0.020917979 0.015439704 0.036357683
212 5.275 2.4137891 0.02059772 0.015570984 0.036168704
213 5.3 2.3877662 0.02026671 0.015697449 0.035964159
214 5.325 2.3604062 0.019925841 0.015818925 0.035744766
215 5.35 2.3317745 0.019576016 0.015935245 0.035511261
216 5.375 2.3019391 0.019218145 0.016046249 0.035264394
217 5.4 2.270971 0.018853145 0.016151783 0.035004928
218 5.425 2.2389438 0.01848193 0.016251698 0.034733628
219 5.45 2.2059333 0.018105414 0.016345854 0.034451268
220 5.475 2.1720171 0.017724502 0.016434118 0.034158619
221 5.5 2.137275 0.017340087 0.016516364 0.033856451
222 5.525 2.1017878 0.016953052 0.016592475 0.033545527
223 5.55 2.0656377 0.01656426 0.016662342 0.033226601
224 5.575 2.0289077 0.016174553 0.016725864 0.032900417
225 5.6 1.9916817 0.015784754 0.01678295 0.032567704
226 5.625 1.9540436 0.015395656 0.016833517 0.032229174
227 5.65 1.9160776 0.015008028 0.016877492 0.03188552
228 5.675 1.8778676 0.014622606 0.016914811 0.031537417
229 5.7 1.8394972 0.014240094 0.016945419 0.031185513
230 5.725 1.8010492 0.013861164 0.016969272 0.030830436
231 5.75 1.7626054 0.01348645 0.016986335 0.030472785
232 5.775 1.7242464 0.013116553 0.016996582 0.030113135
233 5.8 1.6860513 0.012752033 0.017 0.029752033
234 5.825 1.6480978 0.012393412 0.016996582 0.029389995
235 5.85 1.6104613 0.012041175 0.016986335 0.02902751
236 5.875 1.5732154 0.011695766 0.016969272 0.028665038
237 5.9 1.5364311 0.011357589 0.016945419 0.028303008
238 5.925 1.5001771 0.011027009 0.016914811 0.02794182
239 5.95 1.4645194 0.010704353 0.016877492 0.027581846
240 5.975 1.4295211 0.010389908 0.016833517 0.027223425
241 6 1.3952422 0.010083922 0.01678295 0.026866873
242 6.025 1.3617397 0.0097866082 0.016725864 0.026512472
243 6.05 1.3290673 0.0094981406 0.016662342 0.026160482
244 6.075 1.2972752 0.0092186593 0.016592475 0.025811134
245 6.1 1.2664101 0.0089482702 0.016516364 0.025464634
246 6.125 1.2365153 0.0086870459 0.016434118 0.025121164
247 6.15 1.2076303 0.008435028 0.016345854 0.024780882
248 6.175 1.1797907 0.0081922277 0.016251698 0.024443926
249 6.2 1.1530287 0.0079586282 0.016151783 0.024110411
250 6.225 1.1273723 0.0077341858 0.016046249 0.023780435
251 6.25 1.102846 0.0075188315 0.015935245 0.023454077
252 6.275 1.0794701 0.0073124731 0.015818925 0.023131398
253 6.3 1.0572614 0.0071149969 0.015697449 0.022812446
254 6.325 1.0362326 0.0069262687 0.015570984 0.022497253
255 6.35 1.0163928 0.0067461367 0.015439704 0.02218584
256 6.375 0.99774707 0.0065744321 0.015303785 0.021878217
257 6.4 0.980297 0.0064109715 0.015163411 0.021574382
258 6.425 0.9640404 0.0062555584 0.015018768 0.021274327
259 6.45 0.94897153 0.0061079845 0.014870048 0.020978033
260 6.475 0.93508113 0.0059680317 0.014717446 0.020685477
261 6.5 0.92235652 0.0058354736 0.014561159 0.020396632
262 6.525 0.91078174 0.0057100764 0.014401388 0.020111464
263 6.55 0.90033758 0.0055916012 0.014238336 0.019829937
264 6.575 0.89100179 0.0054798045 0.014072208 0.019552013
265 6.6 0.88274913 0.0053744399 0.013903211 0.019277651
266 6.625 0.87555156 0.0052752594 0.013731552 0.019006811
267 6.65 0.86937834 0.0051820141 0.013557439 0.018739454
268 6.675 0.86419622 0.0050944556 0.013381082 0.018475537
269 6.7 0.85996954 0.0050123367 0.013202687 0.018215023
270 6.725 0.85666044 0.0049354124 0.013022462 0.017957875
271 6.75 0.85422901 0.004863441 0.012840616 0.017704057
272 6.775 0.85263342 0.0047961842 0.012657352 0.017453536
273 6.8 0.85183014 0.0047334082 0.012472874 0.017206282
274 6.825 0.85177411 0.0046748843 0.012287384 0.016962268
275 6.85 0.85241887 0.0046203892 0.012101082 0.016721471
276 6.875 0.85371681 0.0045697056 0.011914163 0.016483868
277 6.9 0.85561928 0.0045226225 0.01172682 0.016249443
278 6.925 0.85807681 0.0044789356 0.011539245 0.01601818
279 6.95 0.86103932 0.0044384473 0.011351622 0.015790069
280 6.975 0.86445621 0.0044009674 0.011164134 0.015565102
281 7 0.86827665 0.0043663128 0.01097696 0.015343272
282 7.025 0.87244967 0.0043343077 0.010790271 0.015124579
283 7.05 0.8769244 0.004304784 0.010604238 0.014909022
284 7.075 0.8816502 0.0042775806 0.010419024 0.014696605
285 7.1 0.88657686 0.0042525443 0.010234788 0.014487332
286 7.125 0.89165476 0.0042295289 0.010051683 0.014281212
287 7.15 0.89683503 0.0042083956 0.0098698568 0.014078252
288 7.175 0.90206972 0.0041890127 0.0096894519 0.013878465
289 7.2 0.90731195 0.0041712556 0.0095106046 0.01368186
290 7.225 0.91251606 0.0041550065 0.0093334457 0.013488452
291 7.25 0.91763774 0.0041401543 0.0091580999 0.013298254
292 7.275 0.92263422 0.0041265943 0.0089846856 0.01311128
293 7.3 0.92746432 0.0041142282 0.0088133156 0.012927544
294 7.325 0.93208866 0.0041029636 0.0086440961 0.01274706
295 7.35 0.93646972 0.0040927141 0.0084771274 0.012569842
296 7.375 0.94057196 0.0040833987 0.0083125035 0.012395902
297 7.4 0.94436196 0.0040749417 0.0081503122 0.012225254
298 7.425 0.94780846 0.0040672728 0.0079906352 0.012057908
299 7.45 0.95088248 0.0040603263 0.007833548 0.011893874
300 7.475 0.95355739 0.0040540413 0.00767912 0.011733161
301 7.5 0.95580898 0.004048361 0.0075274147 0.011575776
302 7.525 0.95761551 0.0040432331 0.0073784896 0.011421723
303 7.55 0.95895776 0.0040386091 0.007232396 0.011271005
304 7.575 0.9598191 0.004034444 0.0070891799 0.011123624
305 7.6 0.96018549 0.0040306965 0.0069488813 0.010979578
306 7.625 0.96004548 0.0040273285 0.0068115348 0.010838863
307 7.65 0.9593903 0.0040243049 0.0066771694 0.010701474
308 7.675 0.95821378 0.0040215935 0.0065458089 0.010567402
309 7.7 0.95651241 0.0040191648 0.0064174719 0.010436637
310 7.725 0.95428526 0.0040169917 0.0062921721 0.010309164
311 7.75 0.95153401 0.0040150494 0.0061699181 0.010184968
312 7.775 0.94826288 0.0040133154 0.0060507141 0.010064029
313 7.8 0.94447862 0.004011769 0.0059345594 0.0099463284
314 7.825 0.94019041 0.0040103915 0.0058214493 0.0098318408
315 7.85 0.93540984 0.0040091657 0.0057113747 0.0097205404
316 7.875 0.93015082 0.0040080762 0.0056043225 0.0096123987
317 7.9 0.92442951 0.0040071088 0.0055002759 0.0095073847
318 7.925 0.91826424 0.0040062509 0.0053992143 0.0094054652
319 7.95 0.91167539 0.0040054908 0.0053011138 0.0093066046
320 7.975 0.90468532 0.0040048182 0.0052059471 0.0092107653
321 8 0.89731825 0.0040042236 0.0051136839 0.0091179074
322 8.025 0.88960015 0.0040036985 0.0050242908 0.0090279894
323 8.05 0.88155861 0.0040032354 0.0049377321 0.0089409675
324 8.075 0.87322271 0.0040028273 0.0048539691 0.0088567965
325 8.1 0.86462294 0.0040024682 0.0047729611 0.0087754293
326 8.125 0.85579099 0.0040021525 0.004694665 0.0086968174
327 8.15 0.84675966 0.0040018752 0.0046190358 0.0086209109
328 8.175 0.83756271 0.0040016319 0.0045460267 0.0085476586
329 8.2 0.8282347 0.0040014187 0.0044755891 0.0084770079
330 8.225 0.81881086 0.0040012321 0.0044076733 0.0084089054
331 8.25 0.80932694 0.004001069 0.0043422278 0.0083432968
332 8.275 0.79981904 0.0040009265 0.0042792002 0.0082801267
333 8.3 0.79032346 0.0040008021 0.0042185371 0.0082193393
334 8.325 0.78087658 0.0040006938 0.0041601842 0.008160878
335 8.35 0.77151466 0.0040005994 0.0041040865 0.0081046859
336 8.375 0.76227375 0.0040005174 0.0040501883 0.0080507056
337 8.4 0.75318946 0.0040004461 0.0039984336 0.0079988796
338 8.425 0.74429689 0.0040003842 0.003948766 0.0079491502
339 8.45 0.73563044 0.0040003306 0.0039011291 0.0079014597
340 8.475 0.72722369 0.0040002842 0.0038554662 0.0078557504
341 8.5 0.71910924 0.004000244 0.0038117207 0.0078119647
342 8.525 0.71131861 0.0040002093 0.0037698363 0.0077700456
343 8.55 0.70388206 0.0040001794 0.0037297566 0.0077299359
344 8.575 0.69682854 0.0040001535 0.0036914259 0.0076915794
345 8.6 0.69018548 0.0040001313 0.0036547887 0.00765492
346 8.625 0.68397877 0.0040001121 0.0036197902 0.0076199023
347 8.65 0.67823259 0.0040000957 0.0035863759 0.0075864716
348 8.675 0.67296934 0.0040000816 0.0035544923 0.0075545738
349 8.7 0.66820953 0.0040000695 0.0035240863 0.0075241558
350 8.725 0.66397172 0.0040000591 0.0034951059 0.007495165
351 8.75 0.66027244 0.0040000502 0.0034674996 0.0074675499
352 8.775 0.65712609 0.0040000426 0.0034412172 0.0074412598
353 8.8 0.65454494 0.0040000362 0.003416209 0.0074162452
354 8.825 0.65253902 0.0040000306 0.0033924267 0.0073924573
355 8.85 0.65111611 0.0040000259 0.0033698226 0.0073698486
356 8.875 0.65028172 0.0040000219 0.0033483505 0.0073483724
357 8.9 0.65003903 0.0040000185 0.0033279648 0.0073279833
358 8.925 0.6503889 0.0040000156 0.0033086214 0.007308637
359 8.95 0.65132988 0.0040000132 0.0032902771 0.0072902903
360 8.975 0.65285816 0.0040000111 0.0032728899 0.007272901
361 9 0.65496765 0.0040000093 0.0032564189 0.0072564283
362 9.025 0.65764998 0.0040000078 0.0032408245 0.0072408323
363 9.05 0.66089449 0.0040000066 0.003226068 0.0072260746
364 9.075 0.66468834 0.0040000055 0.0032121122 0.0072121177
365 9.1 0.66901651 0.0040000046 0.0031989207 0.0071989253
366 9.125 0.67386188 0.0040000039 0.0031864586 0.0071864624
367 9.15 0.67920531 0.0040000032 0.0031746918 0.0071746951
368 9.175 0.68502567 0.0040000027 0.0031635878 0.0071635905
369 9.2 0.69129996 0.0040000023 0.0031531147 0.007153117
370 9.225 0.69800341 0.0040000019 0.0031432422 0.0071432441
371 9.25 0.70510953 0.0040000016 0.0031339409 0.0071339424
372 9.275 0.71259027 0.0040000013 0.0031251824 0.0071251837
373 9.3 0.72041608 0.0040000011 0.0031169395 0.0071169405
374 9.325 0.72855607 0.0040000009 0.003109186 0.0071091869
375 9.35 0.7369781 0.0040000007 0.0031018969 0.0071018976
376 9.375 0.74564892 0.0040000006 0.0030950479 0.0070950485
377 9.4 0.75453431 0.0040000005 0.003088616 0.0070886165
378 9.425 0.76359918 0.0040000004 0.003082579 0.0070825795
379 9.45 0.77280776 0.0040000003 0.0030769158 0.0070769161
380 9.475 0.78212369 0.0040000003 0.0030716059 0.0070716062
381 9.5 0.79151021 0.0040000002 0.0030666301 0.0070666303
382 9.525 0.80093027 0.0040000002 0.0030619698 0.00706197
383 9.55 0.81034669 0.0040000002 0.0030576073 0.0070576074
384 9.575 0.81972229 0.0040000001 0.0030535257 0.0070535258
385 9.6 0.82902008 0.0040000001 0.0030497091 0.0070497092
386 9.625 0.83820336 0.0040000001 0.0030461421 0.0070461421
387 9.65 0.84723589 0.0040000001 0.0030428101 0.0070428102
388 9.675 0.85608201 0.0040000001 0.0030396993 0.0070396994
389 9.7 0.86470681 0.004 0.0030367966 0.0070367967
390 9.725 0.87307625 0.004 0.0030340895 0.0070340896
391 9.75 0.8811573 0.004 0.0030315662 0.0070315662
392 9.775 0.88891807 0.004 0.0030292153 0.0070292154
393 9.8 0.89632793 0.004 0.0030270264 0.0070270264
394 9.825 0.90335763 0.004 0.0030249892 0.0070249892
395 9.85 0.90997942 0.004 0.0030230943 0.0070230943
396 9.875 0.91616719 0.004 0.0030213327 0.0070213327
397 9.9 0.9218965 0.004 0.0030196958 0.0070196958
398 9.925 0.92714474 0.004 0.0030181757 0.0070181757
399 9.95 0.9318912 0.004 0.0030167647 0.0070167647
400 9.975 0.93611715 0.004 0.0030154557 0.0070154557
401 10 0.93980591 0.004 0.0030142419 0.0070142419
